[3133, 949] +
[44, 9979, 2954] +
[3927, 8775, 231] +
[1596, 2979, 9786] *
[5189, 3515, 8482, 7147] +
[9948, 8395] *
[2641, 37] *
[6294, 359] +
[7662, 68] +
[5267, 1418, 871] *
[4439, 68] *
[9221, 3388, 8546, 831] +
[8549, 2774, 717] +
[9559, 1989] +
[9321, 4823] +
[1622, 9485, 13] *
[3, 9625] +
[394, 4711] +
[499, 4995] *
[4839, 371, 5] +
[4713, 9978] *
[8816, 6986] *
[835, 5924] *
[9, 148, 1268] +
[6492, 4237, 7379] *
[281, 9489] *
[99, 6573, 1334] *
[8, 885, 279, 4384] +
[6748, 6978] *
[4773, 9674] +
[1994, 64] +
[7515, 5757] *
[9152, 4926] *
[77, 343, 2179] +
[3684, 8535, 5] *
[5318, 2274, 23, 38] +
[9297, 6222] *
[7215, 5858, 2] +
[4561, 8986, 991] *
[2165, 2464, 81] *
[43, 8714, 8547] *
[473, 2385] +
[7575, 1149] *
[279, 7381, 4313] *
[176, 2784] *
[69, 181, 436, 6968] +
[24, 521, 1861] *
[5118, 7312, 46] *
[8, 1571, 3578, 5217] +
[3239, 4538, 4697] *
[1684, 4564, 7] *
[87, 571, 3889] +
[28, 95, 6943] *
[826, 7938] *
[9739, 9624] +
[8878, 328, 296, 616] +
[995, 1892] *
[3935, 8879, 4152, 2146] +
[7274, 7678] +
[5, 4423, 8511, 2524] +
[3961, 26, 4] *
[1623, 544, 27] *
[8764, 8666, 137] +
[825, 2441, 6114] *
[2459, 8534] *
[9181, 7794, 998] *
[6784, 2183, 3724, 646] +
[5354, 153, 2] *
[37, 5962] *
[157, 2624] +
[3441, 2241] *
[936, 3696, 3754] +
[5993, 6998] +
[513, 3219, 8361, 5857] +
[6326, 745, 46, 9] +
[341, 7189, 3691] *
[3118, 82] *
[2431, 4746] *
[5136, 4815, 8493, 387] +
[1647, 1791, 179] *
[97, 473, 6348, 3765] +
[8619, 544] *
[7489, 797] +
[8, 4844, 4886] +
[3583, 8227, 1578] *
[8573, 974] *
[5147, 7295] +
[67, 5863, 6644] +
[5669, 6449] *
[125, 6358] *
[3682, 5349, 9741, 549] +
[3657, 6542, 27] *
[654, 3172, 2917] +
[8215, 4] *
[17, 875, 1218] *
[2358, 9587] *
[4758, 4187, 5956] *
[7, 2941, 4127] *
[8457, 1491, 5646, 958] +
[24, 74, 6756] *
[8691, 3627] *
[4223, 2493, 418] +
[222, 9882, 1462] +
[1594, 8738] *
[9827, 6748, 764] *
[5793, 391] *
[2262, 8262] +
[511, 4873, 3622] +
[1836, 5541, 85] *
[7922, 6321, 821, 7] +
[878, 3718] +
[1345, 9914, 7] +
[6321, 47] *
[1297, 384] *
[8557, 714, 77] *
[65, 3445] +
[9611, 7351, 6121] *
[52, 269, 7728] +
[8938, 7333, 3145] +
[64, 16, 9764] *
[255, 4857, 6713] +
[4434, 5553, 927] +
[1285, 4774, 63] +
[8385, 5192, 6992, 576] +
[2224, 6864, 1868] *
[812, 9459] *
[29, 566, 5158] +
[8376, 159] *
[53, 456, 4276, 1735] +
[4366, 212, 228] *
[9672, 4729, 2282] +
[9977, 4721, 3] *
[7926, 433] *
[773, 4527] +
[5944, 7] +
[7455, 737] *
[976, 8711, 2369] +
[6876, 834, 493] *
[7622, 29] +
[8585, 1189] *
[2384, 1383] +
[9988, 4651, 6714] +
[418, 4843] +
[4476, 9447, 89] *
[53, 97, 9719] *
[3624, 4291, 7561] *
[3893, 4236, 62] +
[4574, 3848, 6163] +
[5527, 39] *
[6169, 7843] *
[4737, 111] *
[8775, 5951, 7917] *
[5325, 5521, 5816, 196] +
[9513, 22] +
[7844, 3139, 984, 655] +
[6393, 483, 57] *
[145, 9334, 3564] +
[651, 3881] +
[2391, 4181, 1735, 2923] +
[1945, 63] *
[2273, 561, 544, 63] +
[39, 5256] *
[1259, 5419, 9818] +
[3297, 9299] +
[8235, 8749, 8619, 675] +
[232, 1925, 5328, 5198] +
[2735, 281, 91] *
[555, 4637] +
[9882, 6229, 733] *
[7891, 2128, 5775] *
[8827, 861] *
[2318, 8593] *
[9567, 121] *
[7938, 7359, 9935, 91] +
[2351, 1975, 525] *
[5388, 9159] *
[759, 3156, 2324, 1871] +
[1876, 6412, 816] *
[3, 997, 7738] *
[2, 6536, 8121] +
[6681, 7362, 881, 114] +
[9198, 2532, 1229] *
[5988, 8941] *
[5489, 888] +
[46, 1221] *
[8681, 452] *
[8152, 91] +
[5, 5491, 9769] +
[6646, 9757] +
[279, 276, 8998] *
[4815, 3133, 16] +
[5859, 5573] +
[5213, 1993] *
[3534, 5657, 693] +
[626, 2319] *
[2969, 2568] +
[3946, 7478, 489, 832] +
[76, 2674] *
[9111, 9636, 5] +
[2357, 5488, 96] *
[4512, 2918] +
[162, 1924, 3377] +
[5533, 7595, 9255] *
[415, 2156, 6597] *
[6, 7818] *
[3746, 1539, 681] +
[174, 2836, 8359, 5931] +
[8555, 7957] *
[9841, 7791] *
[57, 3318] *
[626, 8366] +
[11, 5871, 4136] +
[4277, 241] *
[14, 5132, 4825] +
[2539, 7894, 7123] +
[2167, 7648, 981] *
[7968, 8] *
[892, 431, 7594, 4262] +
[461, 8159] *
[3644, 6815] +
[4722, 893, 6] +
[267, 3942, 3326] +
[1823, 5891] *
[14, 23, 6993] *
[3, 73, 4614] +
[4584, 3528] *
[9555, 9828] *
[3, 3615, 6744] +
[8, 3171] +
[3231, 28] +
[4261, 1144, 2415] *
[99, 5677] *
[3761, 8584, 637] +
[71, 1751] +
[6538, 9684, 873] *
[67, 614, 5395] *
[7997, 2899, 1936] +
[7977, 5148] +
[461, 2247] *
[648, 2792] *
[4196, 1214, 8949] +
[6996, 7616, 141, 3] +
[5366, 9598, 2545] +
[6322, 3] +
[8286, 934, 16] *
[9322, 4748, 9731] +
[1217, 299, 798] *
[168, 3512] +
[9853, 4346] *
[3198, 1742, 9424] +
[88, 847, 8943] *
[8898, 5132, 81] +
[8616, 937, 7] *
[2999, 4367] *
[8376, 825] +
[7452, 3846] *
[7974, 4567, 887, 48] +
[3216, 3453] *
[7939, 4162, 372] *
[273, 3169, 2914, 3667] +
[7247, 1459, 226] +
[4135, 6419] +
[8536, 59, 9] *
[1544, 81] +
[8, 365, 781, 7345] +
[8993, 2394] *
[6, 6485] +
[64, 9449, 6588] +
[3882, 6311, 1117, 6822] +
[4975, 4] *
[52, 2927, 4589] *
[22, 5584] *
[9937, 1742, 6477] +
[1656, 2239, 2288] +
[85, 347, 1177, 5755] +
[8581, 326, 131, 7] +
[26, 845, 5838] *
[8479, 2543, 2417] *
[4359, 659, 492, 1] +
[54, 1821, 4152] *
[3341, 3362, 462] *
[9189, 8492, 8] +
[8, 1611, 4654] *
[35, 482, 2713] *
[6257, 9139] *
[1325, 284, 428] *
[8819, 4935] *
[1462, 7163] *
[6579, 1935, 68] +
[48, 1938] *
[92, 4653] +
[2562, 3371, 495] *
[8779, 3157] +
[5583, 2615, 6952] +
[39, 96, 196, 3796] +
[6367, 229] +
[71, 3749, 2186] *
[9114, 635, 46] *
[3822, 4228] *
[3894, 51] *
[2687, 5528, 4818] *
[557, 7963, 2731] *
[9747, 66] *
[222, 9678] +
[9173, 2792] *
[2241, 237] *
[46, 1928, 6761] +
[43, 3129] +
[3, 8969, 8368] *
[28, 248, 7783] *
[3856, 5414, 386] +
[3256, 5459] *
[7535, 8919, 14] *
[263, 834, 342, 6966] +
[8756, 8746, 2158] *
[3565, 1565, 8648, 15] +
[167, 3838] *
[8217, 672] +
[7673, 4928, 4148] +
[1319, 7317, 49] +
[5674, 539, 8] *
[215, 8826] *
[6445, 818, 89] +
[3889, 5239, 185] +
[7524, 9762] *
[8352, 2843] *
[7757, 864] *
[1548, 8422, 913] *
[4322, 4742] *
[4342, 9186, 261] +
[8, 66, 3851, 6233] +
[5996, 7847, 3394] *
[4899, 8517, 7956, 216] +
[2255, 2752, 883] +
[5259, 5259, 392] *
[91, 935, 8939] +
[613, 1995, 2294] +
[4311, 1363] +
[641, 695, 2788] *
[373, 2492, 6796] *
[4273, 387, 82] *
[3578, 315, 25] *
[9357, 1223] *
[58, 2281] +
[1589, 39] *
[2741, 6759] *
[7265, 1521, 1452] +
[8783, 3425, 3772, 2833] +
[2873, 6218] *
[8359, 64] *
[1813, 781] *
[8883, 7352] *
[1914, 4381, 511, 56] +
[98, 482, 4152, 7189] +
[1989, 518] *
[9673, 412] +
[8379, 1235] +
[931, 3389, 3314] *
[9564, 237] *
[1484, 2841] *
[484, 6156] *
[22, 575, 2816] *
[615, 518, 6358] *
[22, 4758] *
[2739, 81, 3] *
[6879, 6911, 2819] +
[3, 299, 8771] *
[2159, 5739, 292] *
[3612, 454] +
[2154, 3659, 6821, 7494] +
[6396, 5621] +
[2433, 7742, 9] +
[2891, 7159, 8727] *
[8162, 135] *
[5229, 271, 264, 664] +
[496, 6766] +
[241, 8542, 5327, 7797] +
[898, 8925] *
[7638, 7356] +
[54, 9886, 1526, 9917] +
[8386, 9911] *
[8, 4746, 8886] *
[8842, 1454] *
[6763, 786] +
[158, 7919] *
[86, 3737, 7984] *
[134, 1546, 4127] +
[4461, 9649] *
[1, 772, 1178] +
[7743, 6668, 3888] +
[8298, 4752] +
[2888, 885] *
[567, 8628, 2386] *
[2343, 4551] +
[2672, 7157, 5228] *
[8258, 8829, 946] *
[2769, 2754, 669, 61] +
[14, 742, 2293, 9318] +
[245, 6736] +
[9193, 4398, 823] +
[5519, 2612, 6376] +
[55, 7936, 6525] *
[7325, 2878, 7676] *
[2659, 6663, 6762] +
[652, 3219, 7119] *
[2289, 13, 76] +
[1576, 9191, 74] +
[2556, 1157, 358, 86] +
[962, 4843, 3149] +
[3647, 7] *
[6668, 2756] *
[7213, 4214, 86] *
[2442, 9544, 238] +
[4815, 96, 1] *
[679, 1382, 3149] +
[1256, 2869, 633] *
[5771, 3292, 8534, 838] +
[3718, 8169, 2523] +
[4443, 1652, 6536, 962] +
[6678, 977, 696] +
[8, 436, 6561, 7834] +
[534, 1597] *
[9966, 3511] *
[3413, 8545] *
[5645, 828] +
[8139, 7157, 2] *
[132, 541, 9314] +
[6764, 1154] *
[926, 8335, 4926] *
[257, 1526] *
[288, 5152] *
[2, 323, 5124] *
[53, 4189, 8757] +
[9736, 2197] *
[9, 9424] +
[7222, 6355] *
[753, 3779, 4131, 7538] +
[6435, 272] +
[3957, 981, 1] *
[482, 214, 7298] +
[9959, 3579, 9] +
[63, 8246] *
[9187, 4291, 6689] *
[1749, 4767, 81, 66] +
[1412, 6492] *
[3149, 43, 6] +
[1598, 1829] +
[6758, 4618, 8882] *
[3165, 8622, 563] *
[5, 7549] *
[7353, 292, 13] +
[535, 6656, 5417] +
[1436, 9848, 951] *
[7288, 758, 41] +
[31, 277, 2734] +
[2221, 218] +
[3257, 7664] *
[138, 796, 1739, 4263] +
[1946, 143, 35] *
[1562, 4738] *
[7679, 4432, 1738] *
[7391, 36] +
[7275, 868, 59] +
[93, 4893, 1331] +
[9, 274, 5913] +
[9538, 591, 5, 6] +
[77, 5387, 5139, 1687] +
[8139, 4791, 254] *
[2941, 7935, 2859] *
[386, 4449, 1653] *
[841, 6618, 7322] *
[98, 3356, 6296] +
[651, 1471, 8799] +
[1241, 5797] +
[83, 82, 2446, 5517] +
[1574, 648] *
[5969, 773, 27] +
[2992, 1641] +
[742, 8959, 4467] *
[78, 5964] +
[7386, 4864, 5289] +
[1, 9387, 9349] +
[5688, 232] *
[7977, 6171, 21] *
[6831, 3114, 461] *
[4518, 6993, 397] +
[5522, 2848] *
[43, 63, 5352] *
[84, 458, 8353] +
[8659, 3782, 492, 35] +
[898, 7971, 8413, 2625] +
[7399, 5539, 425] +
[4574, 6513] *
[367, 3475] *
[45, 6379, 8473] +
[5242, 515] *
[683, 5983] *
[999, 2988, 6754] +
[9797, 14] +
[83, 1786] *
[5243, 4734] *
[92, 2857] +
[91, 165, 3799, 3248] +
[3552, 6284] *
[785, 9457, 1977, 6827] +
[41, 437, 2186, 5256] +
[1279, 4129] +
[6972, 6953, 391] *
[8553, 5493, 63] *
[7395, 4342, 12] +
[323, 1728, 3952, 4393] +
[8955, 821] +
[7999, 6763] *
[146, 9287] +
[1, 25, 1225] +
[7161, 5214] *
[9854, 3885, 5539] +
[3851, 5183, 7489] +
[3737, 7128] +
[9512, 26] +
[7125, 2849] +
[777, 178, 7435] +
[7673, 3871, 773, 762] +
[112, 8946] *
[2422, 4954, 87] *
[213, 559, 4384] *
[1413, 3678] *
[5838, 8949] +
[73, 3444, 2756] *
[93, 6632, 4343] *
[1246, 3365] *
[739, 4366, 3258] +
[2596, 179, 25] *
[6871, 379, 23] +
[9, 98, 1244] +
[2262, 4738, 699, 646] +
[1985, 8278] *
[8645, 3321] +
[4473, 5895, 9992, 9689] +
[1528, 8134, 98] *
[5865, 2763, 5773] *
[4864, 1733, 6213] *
[3427, 5436] *
[42, 3589] *
[9137, 41, 28] *
[2733, 494] +
[6911, 1234, 1] *
[2388, 2391, 221] *
[917, 8522] +
[9163, 2328] +
[7862, 681, 981, 88] +
[3762, 145] *
[6657, 1814, 8642] *
[154, 1181] +
[3636, 58] +
[1461, 3831] +
[27, 7831] *
[2353, 3976, 9755, 9243] +
[1516, 354] *
[38, 3145, 7167] *
[2, 9444, 3711] *
[4, 77, 224, 7223] +
[8341, 262, 68] *
[8141, 5154, 5412, 8] +
[271, 2528, 6235] +
[2182, 2716, 5178, 74] +
[92, 8952, 8598] +
[2116, 7577, 59] +
[8392, 5321, 9659] *
[48, 5773, 1489, 6231] +
[1696, 8788] +
[1, 8549] *
[3773, 5288, 49] *
[4681, 44] *
[3557, 31] +
[4988, 4379] *
[298, 5532] *
[3994, 3295] +
[6485, 24, 9] +
[6995, 663] +
[971, 5612] *
[8612, 6619] +
[6145, 395, 2] +
[5, 9436] *
[9, 4551] *
[8, 3542] +
[66, 93, 9583, 9411] +
[3942, 5378] +
[8599, 9828, 363] +
[5639, 8135] *
[459, 7279, 9685] +
[6336, 24] +
[3, 1483, 9772, 2559] +
[6552, 4733, 9132] *
[2466, 8186] +
[8661, 2665] +
[7942, 67, 1] +
[4, 23, 7538, 7746] +
[1886, 9374, 184, 357] +
[75, 354, 4459, 4947] +
[6869, 3189] +
[8, 233, 7521, 2981] +
[7118, 4637] *
[7995, 8657, 73] +
[1813, 9712, 594] *
[9913, 446, 12] *
[4654, 1483] *
[44, 3848, 2116, 3191] +
[97, 31, 183, 2515] +
[9764, 172, 478, 99] +
[983, 581, 1437] *
[321, 5479, 8982, 3927] +
[3453, 738, 88] +
[973, 255, 8679, 1959] +
[5526, 5822] +
[98, 3378] *
[1386, 2297, 664] *
[8649, 5397, 7965] *
[8971, 2548] +
[2416, 1377, 7853] *
[2677, 6157, 6966, 8658] +
[4286, 4423, 462] *
[2262, 1138, 3295] *
[1344, 78] *
[7899, 6595, 754] +
[347, 367, 3556, 7832] +
[2171, 7689] *
[5898, 2712] *
[2835, 3749, 6968] *
[4599, 956] +
[6237, 7194] +
[7874, 1587, 43] *
[5, 137, 9776] *
[9732, 3337, 465] +
[3581, 8957] *
[628, 9732] *
[2579, 7256, 8958] +
[314, 8296, 4391] *
[6875, 7236, 1188] +
[7287, 9864, 4377] +
[1488, 316, 789, 955] +
[91, 777, 1925, 4651] +
[8754, 8272] +
[4411, 359] *
[8, 8585, 8886] *
[343, 9111] +
[2669, 194, 368] *
[6896, 4376, 36] *
[52, 4771] +
[9134, 4785, 8254] +
[9784, 94] *
[686, 5829] +
[7546, 3235, 51, 79] +
[6665, 4696, 6122] *
[289, 4398, 3313, 7756] +
[1754, 9331] +
[3481, 9213, 218] *
[1622, 754] +
[4299, 6734] +
[5454, 899, 53] +
[768, 6582] *
[371, 6236, 2489] +
[8972, 5883, 8744, 8333] +
[7267, 3595, 4248] *
[47, 281, 7743, 7821] +
[914, 1165, 3847] +
[4456, 3679] *
[69, 8661, 8135, 9666] +
[1951, 5266] *
[5776, 6954] *
[1544, 9785] +
[4794, 5645, 8416] +
[54, 485, 4473, 3196] +
[9258, 4986, 6671] *
[495, 9858, 5716, 4871] +
[6574, 8632, 211, 77] +
[5248, 8133, 5882] +
[712, 9997] *
[1148, 8763, 4394] *
[2929, 55] +
[6843, 1826] +
[9543, 378] *
[333, 1458] *
[4574, 862] +
[6887, 972] *
[3763, 9982] *
[3638, 3878, 454, 275] +
[6756, 3557, 73] *
[97, 8462] +
[727, 7694, 2258] *
[441, 1892] +
[3848, 89] +
[1884, 61] *
[2, 542, 6498] *
[5, 96, 565, 7423] +
[3991, 54] *
[85, 3379] *
[9389, 5368, 762, 299] +
[2744, 5917, 6428] *
[1376, 8628, 4175] *
[672, 2957] *
[8952, 8385] *
[8779, 9355, 727] +
[978, 2154, 9583, 7343] +
[6393, 1988, 515, 21] +
[5689, 981, 279, 157] +
[5928, 7978, 859, 967] +
[1781, 9932, 1] *
[1417, 5448] *
[1936, 9814] +
[763, 3946, 8576] *
[7753, 273, 15] *
[1434, 759, 138, 41] +
[6628, 5384] +
[66, 9759, 6979] +
[8649, 6288] *
[3, 5213] *
[177, 5945] *
[84, 9288] +
[512, 396, 8211] *
[96, 3542, 7571] +
[8881, 836] +
[69, 1279] *
[9199, 279, 4] *
[1878, 119] *
[7822, 7778] *
[7372, 4753] +
[5412, 55] +
[3287, 1] *
[5847, 149] *
[9658, 5555] *
[7642, 96, 9] +
[8944, 9467] +
[4129, 86] *
[98, 5839] *
[1249, 5252] +
[9586, 7464] +
[4582, 9372] *
[577, 516, 5652] *
[9471, 4823] *
[7429, 97, 24] *
[45, 387, 7338] *
[9783, 8779, 4184] *
[1, 4985, 6462] +
[3441, 8875, 45, 1] +
[1762, 4743] *
[331, 8713, 6269, 8525] +
[8, 9245, 5953] *
[9, 419, 1598] *
[1425, 4] +
[5363, 5681] *
[6, 4512, 8413] *
[228, 1938, 4279] *
[1591, 414, 749, 613] +
[7741, 4784, 9357] *
[7438, 7391, 33] +
[9272, 7121] +
[4946, 2627, 9] *
[3781, 35] *
[79, 61, 4459] +
[7594, 4686] +
[3, 69, 874, 7352] +
[5157, 661] +
[5813, 8582, 7273] *
[39, 8417, 4546] *
[9981, 1391, 5979] +
[2584, 6915] *
[72, 4527, 9781] *
[6792, 4573] *
[768, 2871] +
[3727, 4486, 713, 75] +
[5215, 2938] +
[4912, 627, 2] *
[4921, 1277] +
[2721, 125, 12, 9] +
[8, 1991] *
[93, 718, 4664] *
[1, 78, 19, 7957] +
[513, 3112, 8723] *
[2652, 737] *
[511, 3915] +
[6, 227, 8565, 2335] +
[2414, 469] *
[589, 3955] +
[3518, 336, 84, 64] +
[69, 3117] *
[674, 2657, 2653] +
[4725, 421] *
[7625, 5476, 5462, 3463] +
[7843, 493] +
[6935, 3938] *
[389, 9291] *
[257, 4542] *
[877, 3756] +
[2186, 9456, 1] *
[7672, 6587, 3825] *
[88, 2398, 3635] +
[9885, 254] *
[462, 9836, 7448] *
[3651, 9479, 845] *
[9418, 7296] *
[9643, 459] +
[4656, 432] *
[3774, 361] +
[2636, 1379, 612, 376] +
[3681, 2494, 24, 78] +
[5411, 6318, 359] +
[9655, 8674, 5312] *
[936, 3413, 8572, 7262] +
[562, 8277] +
[8198, 7] *
[1493, 1562, 62] +
[2573, 3896, 9769] *
[2849, 2259, 9265] *
[2756, 2955, 987, 89] +
[5, 849, 9197, 8891] +
[8997, 4115, 538] *
[8638, 2113, 1935] +
[3449, 5247, 521] *
[3811, 82, 81] *
[418, 3892, 8248] +
[443, 6984, 6378] *
[7728, 8683, 9695, 61] +
[6376, 3561, 991, 6] +
[384, 6676] *
[658, 929, 6346] +
[2681, 7469, 5247] +
[32, 689, 7535] *
[5376, 4728, 2311] *
[9688, 5761, 2382] *
[5395, 947] +
[4124, 5535, 386] *
[1388, 669] *
[7911, 6742, 965, 624] +
[1, 21, 1869] +
[6796, 6966] *
[6241, 8214, 777] +
[3264, 4665] *
[6738, 5128] +
[4863, 9748, 1615] *
[7499, 3924, 31] *
[9356, 972, 775] *
[79, 4744] +
[82, 698, 9167] *
[2852, 6566, 3197] *
[1999, 1193, 913] +
[2163, 7125, 9617, 6239] +
[2536, 4628] *
[656, 3445] *
[5983, 1298, 6761] *
[7874, 48] *
[7, 8945] +
[9256, 9258] *
[5555, 7943] +
[3543, 93] *
[9936, 5744] +
[1478, 4826, 53] *
[42, 1218, 2648] +
[785, 1785] +
[66, 6489] *
[1138, 2813] +
[1993, 9685, 5263, 183] +
[7676, 5318, 1291] *
[175, 3711, 3348] *
[7185, 5334, 854] +
[9831, 8358, 4696, 94] +
[9478, 1632] +
[2646, 3528] *
[294, 5736, 3956] *
[5, 4667] +
[36, 731, 7741, 4137] +
[1398, 2941, 4368, 377] +
[23, 9861, 3444] +
[4622, 9549] *
[723, 765, 7333, 7885] +
[452, 199, 9387] +
[4448, 7447, 143, 33] +
[5222, 6779, 856, 79] +
[94, 864, 3553, 2222] +
[67, 4582, 9126, 4466] +
[719, 9538, 5699, 4271] +
[8617, 8956, 1289, 449] +
[44, 5912, 8638] *
[81, 968, 9734] *
[9, 141, 9314] +
[28, 14, 3438, 9475] +
[3159, 8594] *
[9748, 5225] +
[66, 15, 1915, 7118] +
[487, 4474] *
[2424, 1879, 2291] *
[56, 271, 5766] *
[8144, 1346] +
[2642, 9342] +
[6664, 8687] +
[453, 4597, 6162] +
[56, 9928, 9441] *
[9718, 8864, 9642, 3256] +
[3152, 1837, 135, 48] +
[8867, 7398, 54] *
[5171, 5884, 2778] +
[7371, 678] *
[7883, 5423, 15] +
[21, 1891, 4719] *
[2192, 9923] *
[8425, 3818, 1416, 46] +
[4, 4692] +
[6772, 294] *
[7636, 851] *
[241, 6457] *
[3346, 2579, 5765] +
[3244, 1944] +
[17, 55, 816, 3864] +
[9413, 9986] *
[2, 237, 6182] *
[6962, 9777, 78] +
[3585, 2829, 1] *
[961, 3666, 4147] *
[39, 9753] *
[6793, 725, 98] +
[9238, 5278, 715, 53] +
[7165, 478, 83, 44] +
[2767, 5724] *
[4256, 7895] *
[7386, 9754] *
[6822, 9164, 2515] *
[5113, 561] +
[35, 516, 7135, 1925] +
[7217, 3172] +
[31, 7448, 1944] +
[1934, 1152] *
[92, 8875, 2374, 7729] +
[74, 9354] *
[567, 6624] +
[82, 1393, 2877] *
[1551, 2935, 3235, 4] +
[7114, 76, 47] +
[276, 1525, 4759] +
[639, 479, 3742, 2722] +
[13, 4779, 3474, 9651] +
[7, 9443] *
[8956, 2273, 697] *
[4772, 4915, 3821, 17] +]
[5, 974, 6778] *
[7854, 7282, 13] *
[9657, 2363] *
[5332, 446, 17] *
[47, 1824, 5576] +
[4555, 51] +
[7665, 7612] *
[8522, 5769] +
[7766, 5681, 9855, 691] +
[7321, 346] *
[17, 378, 298, 1262] +
[5474, 2765] *
[4973, 54] *
[973, 5138] *
[2654, 966] *
[8176, 7711, 7246] +
[6694, 257, 844] *
[7734, 6525] +
[9498, 4395] *
[67, 575, 6215, 3196] +
[1186, 898, 52] *
[3772, 2551, 7815] *
[88, 782, 1368, 9379] +
[4994, 7515, 91, 5] +
[7448, 9482] +
[2475, 16, 67] +
[5] +
[441, 7664, 1251, 4539] +
[2849, 44] *
[6834, 3941, 8113] +
[382, 428, 7791, 3448] +
[6326, 8924, 8651, 626] *
[63, 41, 6922] +
[5563, 453, 294] *
[7, 943, 4332] +
[8953, 9612, 944] +
[4694, 3694, 449] +
[75, 5339, 3613] *
[3667, 292] +
[9826, 6487, 8371] +
[6182, 5816, 5651, 4164] +
[335, 934, 8544] *
[7169, 78] *
[5753, 5412] *
[4571, 5814] *
[3337, 455] +
[98, 2718] +
[5843, 742] *
[7445, 9637] *
[6755, 675] +
[5623, 1197, 9386, 975] *
[7463, 3716] *
[99, 187, 8572] *
[167, 5544] +
[1815, 168, 25] +
[6, 5734, 8837, 8974] *
[1754, 3271, 4418] *
379463816683986
